box(28, 0, 1, 31, 14, 4),
box(28, 0, 12, 31, 14, 15),
box(1, 0, 12, 4, 14, 15),
box(1, 0, 1, 4, 14, 4),
box(0, 14, 11, 32, 16, 16),
box(0, 14, 5, 32, 16, 10),
box(0, 14, 0, 32, 16, 4),
box(23, 12, -1, 28, 14, 17),
box(4, 12, -1, 9, 14, 17),
box(13.5, 12, -1, 18.5, 14, 17),
box(16, 16, 1, 19, 19, 14),
box(27.606494, 16, 5.056632, 30.434921, 20, 7.885059),
box(24.778067, 16, 7.885059, 27.606494, 20, 10.713487),
box(23.363853, 16, 3.642419, 29.020707, 20, 9.299273),
box(19.833524, 17, 0.190507, 26.197485, 19, 6.554468),
box(24.913945, 17, 8.93643, 32.146468, 19, 13.462973),
box(20.070376, 16, 8.843576, 26.827362, 20, 17.765346)